              precision    recall  f1-score   support

           0       1.00      1.00      1.00       136
           1       0.99      1.00      1.00       170
           2       1.00      1.00      1.00        91
           3       1.00      1.00      1.00       200
           4       0.99      0.99      0.99       150
           5       0.99      1.00      1.00       205
           6       0.99      0.96      0.98       152
           7       1.00      0.99      1.00       133
           8       0.97      0.96      0.96       182
           9       1.00      1.00      1.00       197
          10       1.00      0.97      0.98       233
          11       1.00      1.00      1.00       295
          12       1.00      0.99      0.99       181
          13       1.00      1.00      1.00       146
          14       1.00      1.00      1.00       115
          15       1.00      1.00      1.00       114
          16       0.99      1.00      0.99        87
          17       1.00      0.99      0.99        77
          18       1.00      1.00      1.00       237
          19       1.00      0.99      0.99       206
          20       0.98      0.95      0.97       124
          21       1.00      1.00      1.00        98
          22       1.00      1.00      1.00        88
          23       1.00      1.00      1.00       107
          24       0.99      1.00      0.99       323
          25       1.00      1.00      1.00       141
          26       0.98      0.98      0.98       269
          27       1.00      1.00      1.00       189
          28       0.96      0.95      0.95       160
          29       0.99      1.00      0.99        94
          30       1.00      1.00      1.00       209
          31       0.99      0.99      0.99       114
          32       1.00      1.00      1.00       110
          33       0.99      0.99      0.99       210
          34       1.00      1.00      1.00       291
          35       0.95      0.97      0.96       242
          36       1.00      1.00      1.00       124
          37       0.98      1.00      0.99       120
          38       1.00      1.00      1.00       129
          39       0.98      0.99      0.98       209
          40       0.83      0.55      0.66       115
          41       0.64      0.83      0.72       104
          42       1.00      1.00      1.00       187
          43       1.00      1.00      1.00       287
          44       0.99      0.99      0.99       179
          45       1.00      1.00      1.00       121
          46       1.00      0.97      0.99       212
          47       0.99      0.97      0.98       210
          48       0.98      0.98      0.98       102
          49       0.99      1.00      1.00       107
          50       0.96      0.99      0.98       320
          51       0.99      1.00      1.00       120
          52       1.00      1.00      1.00       134
          53       0.99      0.99      0.99       197
          54       1.00      1.00      1.00       137
          55       0.99      1.00      0.99        96
          56       1.00      1.00      1.00       124
          57       1.00      1.00      1.00       109
          58       0.98      1.00      0.99       105
          59       1.00      1.00      1.00       101
          60       1.00      1.00      1.00       205
          61       1.00      0.98      0.99       178
          62       1.00      1.00      1.00        93
          63       0.98      0.98      0.98       168
          64       0.98      1.00      0.99        90
          65       0.99      0.98      0.98       212
          66       1.00      1.00      1.00        81
          67       0.96      0.97      0.97       177
          68       1.00      1.00      1.00       160
          69       0.99      0.99      0.99       116
          70       0.99      0.99      0.99       120
          71       1.00      1.00      1.00       126
          72       0.99      0.99      0.99       209
          73       0.99      0.99      0.99       137
          74       0.99      0.99      0.99       223
          75       0.99      0.99      0.99       144
          76       1.00      0.99      1.00       178
          77       0.99      0.99      0.99       189
          78       1.00      1.00      1.00       192
          79       0.99      0.99      0.99       148
          80       0.99      0.98      0.99       130
          81       0.98      0.99      0.98       161
          82       0.99      0.99      0.99       153
          83       0.99      1.00      0.99        81
          84       1.00      1.00      1.00       123
          85       1.00      1.00      1.00       169
          86       1.00      1.00      1.00       223
          87       1.00      1.00      1.00       141
          88       1.00      1.00      1.00        92
          89       1.00      1.00      1.00       128
          90       0.95      0.96      0.95       183
          91       0.90      0.93      0.92        99
          92       1.00      1.00      1.00       133
          93       1.00      0.99      0.99        88
          94       1.00      1.00      1.00       132
          95       1.00      1.00      1.00       156
          96       1.00      1.00      1.00        88
          97       0.99      0.99      0.99       115
          98       1.00      1.00      1.00        85
          99       0.99      0.96      0.97       117
         100       0.99      1.00      0.99       173
         101       1.00      1.00      1.00       128
         102       1.00      1.00      1.00       101
         103       0.98      1.00      0.99       160
         104       0.99      0.98      0.98        93
         105       1.00      1.00      1.00       170
         106       0.78      0.99      0.87       182
         107       1.00      0.98      0.99       310
         108       1.00      0.99      1.00       118
         109       0.98      0.99      0.99       355
         110       1.00      0.99      1.00       102
         111       1.00      1.00      1.00        95
         112       1.00      1.00      1.00       149
         113       1.00      0.99      0.99        96
         114       1.00      0.99      1.00       195
         115       1.00      1.00      1.00       160
         116       1.00      1.00      1.00       103
         117       1.00      0.97      0.99       173
         118       1.00      0.99      1.00       153
         119       1.00      1.00      1.00       110
         120       1.00      1.00      1.00       220
         121       0.99      0.96      0.98       111
         122       0.93      0.97      0.95       214
         123       1.00      1.00      1.00       108
         124       0.99      1.00      0.99        91
         125       1.00      1.00      1.00        91
         126       1.00      0.99      1.00       157
         127       1.00      1.00      1.00        86
         128       1.00      1.00      1.00        78
         129       0.96      0.99      0.98       161
         130       1.00      0.99      1.00       156
         131       1.00      1.00      1.00        81
         132       1.00      0.99      1.00       130
         133       0.99      0.98      0.98       157
         134       1.00      0.99      0.99       200
         135       1.00      1.00      1.00        95
         136       0.98      0.96      0.97       113
         137       1.00      1.00      1.00       281
         138       0.99      0.98      0.98       134
         139       1.00      1.00      1.00        80
         140       1.00      1.00      1.00       128
         141       1.00      1.00      1.00        82
         142       1.00      1.00      1.00       106
         143       1.00      1.00      1.00       105
         144       0.99      0.98      0.99       107
         145       1.00      1.00      1.00       115
         146       1.00      1.00      1.00        93
         147       1.00      1.00      1.00       106
         148       0.98      0.95      0.96       169
         149       1.00      1.00      1.00       160
         150       1.00      0.99      0.99        96
         151       0.86      0.95      0.90       119
         152       0.97      0.99      0.98       147
         153       1.00      1.00      1.00       227
         154       0.99      0.99      0.99       186
         155       0.94      0.82      0.87        93
         156       1.00      0.99      1.00       153
         157       1.00      1.00      1.00       242
         158       1.00      1.00      1.00       180
         159       0.99      0.99      0.99       186
         160       1.00      0.98      0.99       118
         161       0.98      0.99      0.99       122
         162       1.00      1.00      1.00       131
         163       0.99      1.00      0.99        87
         164       0.99      0.97      0.98        79
         165       1.00      1.00      1.00       223
         166       1.00      1.00      1.00       109
         167       1.00      1.00      1.00        87
         168       0.99      0.98      0.98        83
         169       1.00      0.99      0.99       180
         170       1.00      1.00      1.00        83
         171       0.77      0.98      0.87       282
         172       1.00      1.00      1.00       123
         173       1.00      1.00      1.00       204
         174       0.93      0.26      0.40       105
         175       1.00      1.00      1.00       106
         176       0.99      0.98      0.99       103
         177       0.98      0.99      0.99       187
         178       0.99      1.00      1.00       136
         179       1.00      1.00      1.00       117
         180       0.98      0.97      0.98       234
         181       1.00      1.00      1.00       110
         182       0.95      1.00      0.97       110
         183       1.00      0.99      1.00       187
         184       1.00      1.00      1.00        93
         185       1.00      1.00      1.00       142
         186       0.99      1.00      1.00       209
         187       0.98      0.99      0.99       115
         188       0.99      1.00      0.99       278
         189       1.00      1.00      1.00       107
         190       1.00      1.00      1.00       130
         191       1.00      1.00      1.00       135
         192       1.00      0.99      0.99        99
         193       0.99      0.99      0.99        89
         194       1.00      0.98      0.99       155
         195       1.00      1.00      1.00       104
         196       0.98      0.97      0.97       143
         197       0.99      0.99      0.99       173
         198       1.00      0.99      0.99        93
         199       1.00      1.00      1.00       107
         200       1.00      1.00      1.00       149
         201       1.00      1.00      1.00       176
         202       0.99      1.00      0.99       239
         203       0.97      1.00      0.99       166
         204       1.00      1.00      1.00        92
         205       1.00      1.00      1.00       129
         206       1.00      0.96      0.98       157
         207       1.00      1.00      1.00       156
         208       0.99      0.95      0.97       110
         209       1.00      0.99      0.99        97
         210       1.00      0.99      1.00       199
         211       1.00      1.00      1.00       126
         212       0.98      0.99      0.98       122
         213       1.00      1.00      1.00       136
         214       1.00      1.00      1.00       117
         215       1.00      1.00      1.00        88
         216       1.00      1.00      1.00       154
         217       0.99      0.99      0.99       131
         218       0.98      0.98      0.98       125
         219       0.97      1.00      0.98       222
         220       1.00      1.00      1.00        85
         221       1.00      1.00      1.00       217
         222       1.00      0.99      1.00       119
         223       1.00      1.00      1.00       166
         224       1.00      0.99      0.99        88
         225       0.95      0.44      0.60       129
         226       1.00      1.00      1.00       149
         227       1.00      1.00      1.00       108
         228       1.00      1.00      1.00       198
         229       1.00      1.00      1.00       127
         230       1.00      0.99      1.00       256
         231       1.00      0.99      1.00       113
         232       0.98      1.00      0.99       126
         233       1.00      1.00      1.00        96
         234       1.00      1.00      1.00       155
         235       1.00      1.00      1.00        95
         236       1.00      1.00      1.00       120
         237       1.00      1.00      1.00       135
         238       0.99      1.00      1.00       152
         239       1.00      0.98      0.99        83
         240       0.63      0.97      0.76       126
         241       1.00      1.00      1.00       101
         242       1.00      0.99      1.00       132
         243       1.00      1.00      1.00       105
         244       0.99      1.00      1.00       128
         245       1.00      1.00      1.00       100
         246       0.96      1.00      0.98       204
         247       1.00      1.00      1.00       146
         248       1.00      1.00      1.00       220
         249       0.99      0.99      0.99       167
         250       0.99      1.00      1.00       127
         251       0.94      0.68      0.79       116
         252       0.99      0.98      0.99       250
         253       0.75      0.96      0.84       109
         254       0.99      0.98      0.98        99
         255       0.99      0.98      0.99       235
         256       1.00      1.00      1.00       204
         257       1.00      1.00      1.00        76
         258       1.00      0.97      0.99        78
         259       1.00      1.00      1.00        85
         260       1.00      0.99      0.99       243
         261       1.00      1.00      1.00       147
         262       0.80      0.93      0.86       110
         263       0.96      0.97      0.96        96
         264       0.82      0.93      0.87       143
         265       1.00      0.99      1.00       132
         266       1.00      0.99      1.00       147
         267       1.00      0.98      0.99       236
         268       0.99      1.00      1.00       192
         269       0.92      0.78      0.85       119
         270       0.88      0.72      0.79       106
         271       0.98      0.97      0.97       115
         272       1.00      1.00      1.00       158
         273       0.99      0.99      0.99       182
         274       0.95      0.95      0.95       124
         275       1.00      1.00      1.00       219
         276       0.97      0.93      0.95       119
         277       1.00      1.00      1.00       119
         278       0.99      0.99      0.99       192
         279       1.00      1.00      1.00        85
         280       0.98      0.99      0.99       302
         281       1.00      1.00      1.00       184
         282       1.00      1.00      1.00       134
         283       1.00      0.99      1.00       168
         284       1.00      1.00      1.00       148
         285       1.00      1.00      1.00       209
         286       1.00      1.00      1.00        96
         287       1.00      1.00      1.00       209
         288       0.98      0.99      0.99       255
         289       0.94      0.98      0.96        95
         290       1.00      1.00      1.00       185
         291       1.00      1.00      1.00       200
         292       1.00      1.00      1.00       108
         293       1.00      1.00      1.00       103
         294       1.00      1.00      1.00       135
         295       0.99      0.99      0.99       259
         296       0.62      0.85      0.72        95
         297       0.82      0.99      0.90       263
         298       0.99      1.00      0.99       303
         299       0.83      0.58      0.68       112
         300       0.93      0.29      0.44        86
         301       1.00      1.00      1.00       170
         302       0.98      0.99      0.98       125
         303       1.00      1.00      1.00        91
         304       1.00      1.00      1.00       202
         305       1.00      1.00      1.00       176
         306       0.99      0.96      0.98       201
         307       1.00      0.99      1.00       301
         308       0.99      1.00      0.99       206
         309       1.00      0.98      0.99       105
         310       0.98      0.98      0.98       173
         311       1.00      1.00      1.00       175
         312       1.00      1.00      1.00       201
         313       0.99      0.99      0.99        85
         314       0.99      1.00      1.00       327
         315       1.00      0.99      1.00       149
         316       1.00      1.00      1.00       147
         317       0.99      0.99      0.99       450
         318       0.99      1.00      0.99       294
         319       0.99      0.99      0.99       151
         320       1.00      0.98      0.99       201
         321       1.00      0.99      0.99       278
         322       1.00      1.00      1.00       143
         323       0.98      0.95      0.97       160
         324       1.00      1.00      1.00        91
         325       0.99      0.99      0.99       151
         326       0.99      0.99      0.99       208
         327       1.00      0.99      1.00       132
         328       0.99      0.99      0.99       330
         329       1.00      0.99      0.99        99
         330       1.00      0.99      0.99       145
         331       1.00      1.00      1.00       425
         332       1.00      1.00      1.00       321
         333       0.97      0.99      0.98       283
         334       1.00      1.00      1.00       116
         335       0.97      0.99      0.98        94
         336       1.00      0.99      0.99        82
         337       0.99      0.98      0.98        87
         338       0.99      0.99      0.99       293
         339       0.99      1.00      0.99       177
         340       0.99      1.00      1.00       108
         341       1.00      1.00      1.00       115
         342       0.99      0.98      0.98       177
         343       0.99      1.00      1.00       138
         344       1.00      0.97      0.98       153
         345       1.00      1.00      1.00       148
         346       0.98      0.98      0.98       136
         347       1.00      0.99      1.00       181
         348       0.98      1.00      0.99       363
         349       0.95      0.93      0.94       135
         350       0.97      0.89      0.92       159
         351       0.98      0.98      0.98        83
         352       1.00      1.00      1.00       296
         353       1.00      1.00      1.00       159
         354       0.99      1.00      0.99        86
         355       1.00      1.00      1.00       161
         356       1.00      1.00      1.00       224
         357       1.00      1.00      1.00       101
         358       0.97      0.99      0.98       338
         359       1.00      1.00      1.00        80
         360       1.00      1.00      1.00       168
         361       1.00      1.00      1.00       106
         362       0.97      0.97      0.97       235
         363       1.00      0.99      1.00       157
         364       0.99      1.00      0.99        83
         365       1.00      1.00      1.00       275
         366       1.00      0.99      0.99       299
         367       1.00      1.00      1.00       126
         368       1.00      1.00      1.00       106
         369       1.00      1.00      1.00       146
         370       1.00      1.00      1.00       104
         371       1.00      1.00      1.00       138
         372       1.00      1.00      1.00       145
         373       1.00      1.00      1.00       177
         374       1.00      1.00      1.00       305
         375       1.00      1.00      1.00       116
         376       0.99      1.00      1.00       211
         377       1.00      0.97      0.98        97
         378       1.00      1.00      1.00       135
         379       1.00      1.00      1.00       128
         380       0.97      0.99      0.98       278
         381       0.99      1.00      1.00       115
         382       1.00      1.00      1.00        87
         383       1.00      1.00      1.00        82
         384       1.00      1.00      1.00       226
         385       1.00      1.00      1.00       297
         386       0.99      0.98      0.98        81
         387       0.99      1.00      0.99        84
         388       0.99      0.99      0.99       158
         389       0.99      1.00      0.99       165
         390       1.00      1.00      1.00       111
         391       1.00      1.00      1.00       109
         392       0.99      0.98      0.98       176
         393       1.00      0.99      0.99       321
         394       1.00      1.00      1.00       220
         395       1.00      1.00      1.00       126
         396       0.98      0.99      0.99       115
         397       0.99      1.00      1.00       122
         398       0.97      0.96      0.97       227
         399       0.99      1.00      1.00       167
         400       1.00      1.00      1.00        82
         401       1.00      1.00      1.00        85
         402       1.00      1.00      1.00       251
         403       0.99      1.00      1.00       112
         404       0.97      0.99      0.98       112
         405       1.00      1.00      1.00       328
         406       0.99      0.98      0.98        83
         407       0.99      0.98      0.98       188
         408       1.00      1.00      1.00       114
         409       1.00      1.00      1.00       152
         410       1.00      1.00      1.00       120
         411       1.00      1.00      1.00       124
         412       0.99      1.00      0.99       208
         413       1.00      1.00      1.00        89
         414       1.00      1.00      1.00       178
         415       1.00      1.00      1.00        86
         416       0.99      1.00      0.99       225
         417       0.99      0.99      0.99       360
         418       0.99      1.00      0.99       136
         419       0.99      1.00      0.99       143
         420       0.99      1.00      1.00       106
         421       1.00      0.94      0.97       108
         422       0.98      0.99      0.98       208
         423       0.99      0.99      0.99       104
         424       1.00      1.00      1.00        90
         425       1.00      1.00      1.00       141
         426       0.99      1.00      1.00       124
         427       0.99      1.00      1.00       223
         428       0.98      0.98      0.98       257
         429       1.00      0.99      1.00       135
         430       1.00      0.99      1.00       170
         431       0.98      0.96      0.97       163
         432       0.82      0.91      0.86        88
         433       0.74      0.78      0.76       108
         434       1.00      1.00      1.00       265
         435       0.86      0.76      0.81       129
         436       1.00      1.00      1.00       131
         437       0.90      0.77      0.83        84
         438       0.99      1.00      1.00       129
         439       0.99      0.99      0.99       468
         440       1.00      1.00      1.00       307
         441       1.00      1.00      1.00       468
         442       0.98      0.97      0.98       199
         443       1.00      1.00      1.00       117
         444       0.94      0.99      0.96       436
         445       1.00      1.00      1.00        86
         446       1.00      0.99      0.99        90
         447       0.99      1.00      1.00       191
         448       1.00      1.00      1.00       172
         449       1.00      0.99      0.99       247
         450       0.99      0.90      0.94        88
         451       1.00      1.00      1.00       266
         452       1.00      1.00      1.00       115
         453       1.00      0.99      0.99        83
         454       0.99      1.00      1.00       182
         455       1.00      1.00      1.00       201
         456       1.00      1.00      1.00       102
         457       1.00      1.00      1.00       152
         458       1.00      1.00      1.00       156
         459       0.99      0.98      0.98       184
         460       0.99      0.98      0.99       155
         461       0.92      0.98      0.95       482
         462       1.00      1.00      1.00       263
         463       0.80      0.51      0.62        81
         464       1.00      1.00      1.00       125
         465       1.00      1.00      1.00       158
         466       0.99      0.99      0.99       147
         467       0.99      0.99      0.99       198
         468       1.00      0.97      0.98       145
         469       0.89      1.00      0.94       229
         470       0.98      0.98      0.98       267
         471       0.99      1.00      1.00       166
         472       0.98      0.65      0.79        84
         473       1.00      0.98      0.99       123
         474       1.00      1.00      1.00       110
         475       1.00      1.00      1.00        84
         476       1.00      1.00      1.00       103
         477       0.99      0.97      0.98       116
         478       1.00      1.00      1.00       151
         479       1.00      1.00      1.00       285
         480       1.00      0.98      0.99       107
         481       1.00      1.00      1.00       105
         482       0.99      0.99      0.99       161
         483       1.00      1.00      1.00       242
         484       0.98      1.00      0.99       291
         485       0.99      0.99      0.99        89
         486       1.00      1.00      1.00        91
         487       0.97      0.99      0.98       299
         488       0.99      0.99      0.99       176
         489       1.00      1.00      1.00       151
         490       1.00      1.00      1.00       261
         491       0.98      1.00      0.99        86
         492       1.00      1.00      1.00        85
         493       1.00      1.00      1.00       191
         494       1.00      0.99      0.99       281
         495       0.99      1.00      0.99       204
         496       1.00      1.00      1.00       298
         497       1.00      1.00      1.00        88
         498       1.00      0.99      0.99       233
         499       1.00      1.00      1.00       181
         500       1.00      1.00      1.00       179
         501       1.00      0.99      0.99        99
         502       0.99      0.99      0.99       186
         503       1.00      1.00      1.00       102
         504       1.00      1.00      1.00       119
         505       1.00      1.00      1.00        96
         506       1.00      0.99      0.99       153
         507       0.88      0.99      0.93       218
         508       0.97      1.00      0.98       246
         509       1.00      1.00      1.00       164
         510       0.98      0.67      0.79        87
         511       1.00      0.99      1.00       179
         512       0.99      0.99      0.99       140
         513       1.00      0.99      1.00       119
         514       1.00      0.99      1.00       160
         515       1.00      0.99      1.00       263
         516       1.00      1.00      1.00       177
         517       0.99      0.99      0.99       283
         518       1.00      0.99      1.00       144
         519       1.00      1.00      1.00       108
         520       0.88      0.99      0.93       406
         521       1.00      1.00      1.00       146
         522       1.00      0.99      0.99        97
         523       0.90      0.52      0.66       110
         524       1.00      0.99      0.99        93
         525       1.00      0.99      1.00       101
         526       1.00      1.00      1.00       331
         527       0.81      0.95      0.87        96
         528       1.00      0.99      1.00       103
         529       0.98      0.72      0.83        79
         530       0.99      1.00      1.00       114
         531       1.00      0.99      1.00       128
         532       1.00      0.99      1.00       122
         533       0.99      0.98      0.99       236
         534       1.00      0.99      0.99       291
         535       0.94      0.98      0.96       200
         536       0.98      1.00      0.99       592
         537       1.00      1.00      1.00       207
         538       0.99      1.00      1.00       179
         539       1.00      1.00      1.00        88
         540       1.00      1.00      1.00        83
         541       0.99      1.00      1.00       138
         542       1.00      1.00      1.00        91
         543       1.00      1.00      1.00       113
         544       1.00      1.00      1.00       235
         545       1.00      0.99      1.00       145
         546       1.00      1.00      1.00       429
         547       0.76      1.00      0.87       192
         548       1.00      0.99      1.00       108
         549       0.98      0.98      0.98       222
         550       1.00      0.97      0.98       122
         551       0.70      0.27      0.39        79
         552       1.00      1.00      1.00       166
         553       0.98      0.99      0.98       174
         554       1.00      1.00      1.00       105
         555       0.97      0.96      0.96        92
         556       0.97      0.99      0.98       153
         557       1.00      1.00      1.00       274
         558       1.00      1.00      1.00        88
         559       0.93      0.94      0.94       106
         560       1.00      1.00      1.00        75
         561       0.99      0.99      0.99       170
         562       1.00      1.00      1.00       312
         563       0.97      0.98      0.98       150
         564       0.99      0.99      0.99        99
         565       1.00      1.00      1.00       111
         566       0.99      0.99      0.99       156
         567       1.00      1.00      1.00       100
         568       0.99      0.98      0.98        83
         569       0.81      0.99      0.89       296
         570       1.00      1.00      1.00       107
         571       1.00      1.00      1.00       256
         572       0.88      0.35      0.50       108
         573       1.00      1.00      1.00        75
         574       1.00      1.00      1.00       137
         575       1.00      0.99      1.00       121
         576       0.96      0.74      0.83       358
         577       1.00      1.00      1.00       284
         578       1.00      1.00      1.00       144
         579       0.63      0.94      0.75       174
         580       1.00      1.00      1.00        88
         581       0.97      1.00      0.98       251
         582       1.00      1.00      1.00       299
         583       1.00      1.00      1.00        94
         584       1.00      0.99      1.00       151
         585       1.00      1.00      1.00       420
         586       1.00      0.99      0.99       252
         587       1.00      1.00      1.00       134
         588       1.00      0.98      0.99       121
         589       1.00      1.00      1.00       118
         590       0.98      0.99      0.98       189
         591       0.98      0.98      0.98       245
         592       1.00      1.00      1.00       103
         593       1.00      0.99      1.00       114
         594       1.00      1.00      1.00       125
         595       0.98      0.99      0.98       228
         596       1.00      1.00      1.00       113
         597       1.00      1.00      1.00       291
         598       1.00      1.00      1.00       104
         599       0.99      1.00      0.99        93
         600       1.00      1.00      1.00       322
         601       1.00      0.99      1.00       159
         602       0.99      1.00      0.99       183
         603       1.00      1.00      1.00       148
         604       1.00      1.00      1.00       103
         605       1.00      1.00      1.00       216
         606       0.99      0.99      0.99        87
         607       1.00      1.00      1.00       171
         608       0.99      1.00      1.00       195
         609       1.00      1.00      1.00       104
         610       1.00      1.00      1.00       147
         611       0.98      1.00      0.99       186
         612       1.00      1.00      1.00        88
         613       1.00      1.00      1.00       258
         614       0.99      0.77      0.87       124
         615       0.99      0.99      0.99       275
         616       0.76      0.99      0.86        83
         617       1.00      1.00      1.00       258
         618       1.00      1.00      1.00       300
         619       1.00      1.00      1.00       194
         620       1.00      1.00      1.00       137
         621       1.00      1.00      1.00       223
         622       1.00      1.00      1.00       115
         623       0.99      0.99      0.99        99
         624       0.99      1.00      0.99       144
         625       1.00      0.98      0.99       105
         626       1.00      1.00      1.00       272
         627       1.00      0.98      0.99       128
         628       0.99      1.00      1.00       322
         629       1.00      1.00      1.00        89
         630       1.00      0.99      1.00       158
         631       0.98      0.98      0.98       177
         632       0.99      1.00      0.99        82
         633       1.00      1.00      1.00       132
         634       1.00      1.00      1.00        91
         635       1.00      1.00      1.00        85
         636       1.00      1.00      1.00       159
         637       1.00      0.99      1.00       372
         638       1.00      1.00      1.00       409
         639       0.99      0.99      0.99       104
         640       1.00      1.00      1.00       111
         641       1.00      0.99      1.00       231
         642       1.00      0.99      1.00       116
         643       0.99      0.99      0.99       356
         644       1.00      0.99      1.00       154
         645       0.99      0.99      0.99       111
         646       0.98      0.97      0.98       243
         647       0.99      0.96      0.98       175
         648       0.98      0.99      0.99       193
         649       1.00      1.00      1.00        85
         650       0.99      0.99      0.99       152
         651       1.00      1.00      1.00       130
         652       1.00      0.99      1.00       130
         653       0.96      0.98      0.97       164
         654       1.00      1.00      1.00       100
         655       1.00      0.99      1.00       140
         656       0.98      0.99      0.99       301
         657       1.00      1.00      1.00       184
         658       0.99      1.00      1.00       120
         659       0.99      1.00      1.00       134
         660       1.00      1.00      1.00       126
         661       0.98      0.99      0.99       113
         662       0.96      0.98      0.97       132
         663       0.95      0.99      0.97        85
         664       1.00      0.99      0.99        93
         665       1.00      0.99      1.00       173
         666       0.99      1.00      1.00       478
         667       1.00      0.99      1.00       135
         668       1.00      1.00      1.00       182
         669       0.95      0.96      0.96       145
         670       0.97      0.98      0.98       229
         671       0.97      1.00      0.98       187
         672       1.00      1.00      1.00        88
         673       0.99      0.96      0.98       109
         674       1.00      1.00      1.00       157
         675       1.00      1.00      1.00        84
         676       1.00      1.00      1.00       720
         677       1.00      0.99      1.00       160
         678       0.99      1.00      0.99        91
         679       0.96      1.00      0.98       113
         680       1.00      0.99      1.00       187
         681       0.99      0.99      0.99       356
         682       0.99      1.00      1.00       405
         683       1.00      0.99      1.00       221
         684       1.00      1.00      1.00        90
         685       1.00      0.98      0.99        87
         686       1.00      1.00      1.00       232
         687       0.99      0.99      0.99       117
         688       1.00      1.00      1.00       153
         689       0.98      1.00      0.99       286
         690       1.00      0.99      0.99       141
         691       1.00      1.00      1.00       399
         692       1.00      1.00      1.00       107
         693       1.00      1.00      1.00       128
         694       0.99      1.00      0.99       208
         695       0.96      1.00      0.98       188
         696       1.00      1.00      1.00       142
         697       0.98      0.98      0.98       133
         698       1.00      1.00      1.00       151
         699       0.99      1.00      0.99       158
         700       1.00      1.00      1.00       243
         701       1.00      1.00      1.00       177
         702       0.98      0.99      0.99       127
         703       0.99      0.97      0.98       183
         704       1.00      1.00      1.00       294
         705       0.99      1.00      0.99        93
         706       1.00      1.00      1.00       202
         707       1.00      0.98      0.99        83
         708       1.00      0.99      0.99        82
         709       1.00      0.99      1.00       206
         710       0.99      1.00      1.00       173
         711       1.00      1.00      1.00        85
         712       1.00      1.00      1.00       160
         713       1.00      0.99      0.99       139
         714       1.00      1.00      1.00        97
         715       0.96      0.98      0.97       129
         716       1.00      1.00      1.00       122
         717       1.00      1.00      1.00       141
         718       1.00      1.00      1.00        95
         719       1.00      1.00      1.00        98
         720       1.00      1.00      1.00       371
         721       0.97      0.98      0.97       202
         722       0.99      1.00      0.99        88
         723       0.99      1.00      1.00       215
         724       0.98      0.99      0.99       166
         725       1.00      1.00      1.00        82
         726       0.99      0.97      0.98       507
         727       1.00      1.00      1.00       248
         728       0.99      1.00      1.00       491
         729       1.00      1.00      1.00       134
         730       1.00      1.00      1.00       111
         731       1.00      0.99      0.99       158
         732       1.00      1.00      1.00       116
         733       0.99      1.00      0.99       324
         734       0.99      0.95      0.97       244
         735       1.00      1.00      1.00       248
         736       0.99      1.00      0.99       269
         737       1.00      0.99      0.99        99
         738       1.00      1.00      1.00       278
         739       0.98      1.00      0.99       260
         740       0.98      0.99      0.99       105
         741       0.99      1.00      0.99        88
         742       1.00      1.00      1.00        98
         743       1.00      0.99      0.99       296
         744       1.00      0.99      1.00       135
         745       1.00      1.00      1.00        96
         746       0.98      0.99      0.99       248
         747       1.00      1.00      1.00       167
         748       1.00      1.00      1.00       106
         749       1.00      1.00      1.00       105
         750       0.99      0.99      0.99        99
         751       0.98      1.00      0.99        86
         752       1.00      0.99      0.99       171
         753       0.99      1.00      1.00       105
         754       0.99      0.99      0.99       164
         755       0.99      0.87      0.93       103
         756       0.99      1.00      1.00       197
         757       1.00      0.97      0.98        90
         758       0.87      0.73      0.79        79
         759       1.00      0.99      1.00       126
         760       1.00      0.99      1.00       149
         761       0.99      0.99      0.99       162
         762       1.00      1.00      1.00       120
         763       1.00      1.00      1.00        80
         764       0.99      0.99      0.99       192
         765       0.99      1.00      1.00       146
         766       0.98      1.00      0.99       100
         767       1.00      1.00      1.00       187
         768       1.00      1.00      1.00       162
         769       0.99      0.98      0.99       171
         770       1.00      1.00      1.00       159
         771       0.89      0.93      0.91       172
         772       0.84      0.77      0.80       179
         773       0.75      0.83      0.79       151
         774       0.92      0.88      0.90       160
         775       1.00      0.99      0.99       161
         776       1.00      1.00      1.00       105
         777       1.00      1.00      1.00       136
         778       1.00      1.00      1.00        94
         779       1.00      1.00      1.00       314
         780       0.99      0.99      0.99       162
         781       0.99      0.99      0.99       156
         782       0.99      1.00      1.00       129
         783       0.99      0.98      0.99       129
         784       1.00      1.00      1.00       119
         785       1.00      0.98      0.99       366
         786       1.00      0.98      0.99       132
         787       1.00      1.00      1.00        94
         788       0.99      0.99      0.99       138
         789       1.00      1.00      1.00        97
         790       1.00      1.00      1.00       108
         791       0.99      0.99      0.99        94
         792       1.00      1.00      1.00       120
         793       1.00      0.99      0.99        96
         794       1.00      0.98      0.99       136
         795       0.99      0.99      0.99       155
         796       1.00      1.00      1.00       107
         797       1.00      0.99      1.00       214
         798       1.00      1.00      1.00        87
         799       0.73      0.95      0.83        81
         800       1.00      1.00      1.00       134
         801       0.85      0.72      0.78        80
         802       0.99      0.99      0.99       140
         803       1.00      1.00      1.00        72
         804       0.99      0.98      0.99       102
         805       0.85      0.48      0.61       146
         806       1.00      0.99      1.00       110
         807       0.53      0.83      0.65        82
         808       1.00      0.97      0.98       127
         809       1.00      0.99      1.00       187
         810       0.99      1.00      0.99       175
         811       1.00      1.00      1.00       129
         812       1.00      1.00      1.00        98
         813       0.99      0.97      0.98       123
         814       0.94      0.54      0.69        91
         815       0.99      1.00      1.00       141
         816       1.00      1.00      1.00       105
         817       0.66      0.95      0.78        83
         818       0.99      0.99      0.99       126
         819       1.00      0.97      0.99       105
         820       1.00      1.00      1.00        85
         821       1.00      0.99      1.00       133
         822       0.98      0.99      0.98        88
         823       1.00      1.00      1.00        87
         824       0.99      0.99      0.99       174
         825       1.00      1.00      1.00        88
         826       1.00      1.00      1.00       165
         827       1.00      1.00      1.00        85
         828       1.00      1.00      1.00       180
         829       0.95      0.99      0.97       150
         830       1.00      0.99      0.99        99
         831       1.00      1.00      1.00       101
         832       1.00      1.00      1.00       136
         833       1.00      1.00      1.00        97
         834       1.00      1.00      1.00        80
         835       1.00      1.00      1.00       108
         836       0.99      1.00      1.00       139
         837       1.00      1.00      1.00       132
         838       0.99      0.99      0.99        94
         839       1.00      1.00      1.00       103
         840       0.98      0.98      0.98       134
         841       1.00      1.00      1.00        96
         842       1.00      1.00      1.00       157
         843       1.00      1.00      1.00       107
         844       0.99      0.99      0.99        83

    accuracy                           0.98    135425
   macro avg       0.98      0.98      0.98    135425
weighted avg       0.98      0.98      0.98    135425
